10531
10549
1057
10639
1065
10760
108
10814
10878
10883
10901
10949
11023
11116
11123
11231
11236
11339
1148
1194
120
12044
1215
12619
1285
1298
1313
13504
1369
1392
13935
1398
13990
14409
14474
1458
1480
15079
15934
16019
1622
16249
16309
1649
1654
1661
167
16749
16803
1684
16914
16949
1730
1742
17464
1749
17769
18184
18559
18954
1899
1900
1915
19169
1918
19414
1967
2009
201
2073
21059
21069
211
2113
21229
21299
21454
2173
21769
2180
2198
22055
22165
2260
2292
23384
23474
2389
24440
2451
24544
24603
24669
24709
24883
24948
24952
25057
25085
25107
25193
25269
25278
2528
25354
25415
25426
25429
25450
25455
25469
25500
2564
25662
2567
25868
25895
25896
26152
26277
26323
26384
26439
2647
26513
2666
26663
26697
26715
26881
26893
27130
27173
2723
27289
27363
27368
27467
27537
27580
27587
2766
27888
2789
27918
27929
27951
2800
28040
28066
28072
28299
28449
28462
28481
28501
2853
28589
28593
28649
28682
2871
28723
28744
28833
28926
28996
29022
29171
29172
29184
29207
29262
29316
29456
29644
2966
2970
29732
2988
29926
29993
30162
30205
30349
30486
30487
3050
30585
30677
30681
30768
30826
30845
30864
3095
31292
31451
31482
31508
31569
31578
31681
31709
31728
31731
31750
31791
31822
31900
31982
32110
32155
32301
32417
3243
32656
32888
32932
33009
33027
33039
33133
33178
33185
33192
332
33203
3322
33236
33511
33525
33532
33601
33602
33620
33647
33687
33933
33939
34002
34036
34195
34247
34269
3442
34508
3463
34684
34790
3486
3487
34882
35017
35152
35294
35297
35341
35463
35467
35503
35582
35622
35757
35771
35784
35835
35911
3594
36015
36110
36339
36356
36446
36520
36537
36604
36623
36636
36668
36734
36736
36854
36968
37017
37112
37118
37263
37286
37287
37387
37411
37438
37445
37503
37519
37915
37920
37928
37942
37943
37955
37975
38000
38186
38252
38283
38284
38299
38327
3833
38334
38367
3838
38428
38433
38470
38471
38483
38537
38647
38695
38756
3879
38954
38976
39050
39129
39206
39285
39293
39376
39442
3945
39504
39517
39538
396
39617
39692
39713
39786
39834
39846
39892
39966
39970
3998
40016
40021
40029
40078
40216
40236
40302
4035
40381
40390
40396
40438
40467
40563
40671
40677
40752
40754
40756
40866
40932
40945
41006
41119
41149
41164
41229
41310
41393
4149
41677
41761
41918
4196
42018
42055
42087
42170
4223
42239
42287
42288
42356
4244
4246
4247
42523
426
42657
42693
42958
42974
43089
43185
43347
43357
43537
43558
43572
43659
43829
43836
43841
4393
43981
4409
44175
44229
44262
44439
44535
44539
44561
44718
44777
44801
44900
45023
45025
45040
45096
45144
45154
45294
45361
45403
45427
45435
45442
45444
45540
45720
45756
45791
45872
45930
45982
46016
46042
4613
46131
46165
46205
46261
46276
46288
46329
46402
46416
46425
46434
46475
46492
46645
46729
46853
46877
46909
46923
46969
4697
46983
47047
47071
4710
47122
47130
47132
47215
4722
47229
4724
47332
4756
47616
47649
47685
47725
47893
47990
48200
48263
48393
48436
48471
48592
48746
48752
48835
48863
49001
49009
49010
49113
49245
49579
496
4976
49936
50034
50082
50095
50247
50311
50415
50500
5066
5069
50790
50832
50859
50987
51002
51080
51089
51108
5117
51199
51204
51219
51252
51282
51306
51454
51590
51630
51723
51760
51815
51820
5184
51955
52033
52040
52132
52240
52319
52567
52590
52668
52757
52799
52825
52875
52940
53018
53189
53192
53277
53382
53426
53450
53473
53526
53544
53562
53648
53681
53687
53690
53726
53772
53876
53899
53908
53960
53994
54014
54062
54131
54133
54147
54173
54187
54276
54287
54333
54454
54503
54535
54587
54591
54629
5466
54676
54687
54700
54774
54852
54909
54931
55015
55071
55092
55102
55162
55291
55315
55619
55624
55635
55681
557
55771
55776
56013
56347
56438
56504
56534
56557
56568
56640
56689
5669
5671
56747
56778
56780
56924
56926
5708
57179
57237
57295
57348
57370
57398
57437
57452
57627
5764
5769
57690
57713
57733
57820
57857
57910
58110
5812
58209
58288
58386
58456
58460
58465
58496
58519
58596
58727
58771
5895
5915
5938
6006
6015
609
6108
6137
615
6179
6325
6408
642
652
6572
6608
6621
6766
7045
7251
7366
7417
7474
750
7844
785
7965
7990
7997
8226
840
8436
8478
8593
8605
8682
8723
8781
8800
8805
8935
895
9208
9259
9329
9479
9482
9508
957
967
9809
9947
9952
9982
9997
