10002
10003
10004
10005
10006
10007
10008
10009
1001
10010
10011
10012
10013
10014
10015
10016
10017
10018
10019
1002
10020
10021
10023
10024
10025
10026
10027
10028
10029
1003
10030
10031
10032
10033
10034
10035
10036
10037
10038
10039
1004
10041
10043
10044
10045
10046
10047
10049
1005
10050
10052
10056
10059
1006
10060
10062
10063
10064
10067
10068
1007
10070
10071
10072
10074
10075
10077
10078
10079
1008
10080
10081
10082
10083
10084
10085
10086
10087
10088
10089
10091
10092
10093
10094
10095
10096
10097
10099
10100
10101
10102
10104
10105
10106
10110
10111
10112
10114
10116
10118
10119
10120
10121
10122
10123
10124
10125
10126
10128
1013
10130
10133
10135
10138
10139
1014
10140
10141
10143
10144
10145
10148
10149
1015
10150
10151
10159
1016
10161
10162
10163
10164
10165
10166
1019
102
1020
10202
1021
10210
10212
10216
10217
10219
10220
10222
10224
10225
10226
1023
10234
1024
10251
10267
10268
1027
10274
1028
1029
10291
10292
10294
103
1030
10314
10315
10318
10319
10320
10322
10323
10325
10326
10328
10329
1033
10330
10331
10332
10333
10335
10336
10338
10339
10340
10341
10342
10343
10345
1035
10350
10351
10352
10355
10357
10358
10359
1036
10360
10361
10362
10363
10364
10365
10367
10368
10369
1037
10370
10371
10372
10375
10377
10378
10379
1038
10380
10381
10382
10383
10386
10387
10388
10389
1039
10390
10391
10392
10394
10395
10396
10397
10398
10399
10401
10402
10403
10409
1041
10410
10417
10418
1042
10420
10421
10427
1043
10430
10431
10432
10433
10434
10435
10437
10438
10439
1044
10441
10445
10446
10447
10448
10449
1045
10450
10451
10452
10453
10455
10456
10457
10458
10459
1046
10461
10462
10463
10465
10466
10467
10468
10469
1047
10471
10474
10475
10476
10477
10478
